21.500000 3.687275e-24
23.500000 1.676480e-24
24.500000 2.047647e-24
25.500000 1.158950e-24
33.500000 5.867036e-25
34.500000 4.453393e-25
36.500000 3.730721e-25
37.500000 3.532435e-25
38.500000 3.418364e-25
40.500000 5.487325e-25
41.500000 3.280939e-25
42.500000 3.025213e-25
43.500000 2.647656e-25
44.500000 2.515880e-25
45.500000 2.214061e-25
46.500000 2.944459e-25
47.500000 3.078177e-25
48.500000 3.156490e-25
49.500000 2.323245e-25
50.500000 2.105252e-25
51.500000 1.863310e-25
52.500000 5.488200e-25
53.500000 1.830573e-25
54.500000 1.905181e-25
55.500000 1.739702e-25
56.500000 1.930453e-25
57.500000 1.756660e-25
59.500000 3.290413e-25
61.500000 1.669162e-25
62.500000 1.489992e-25
63.500000 1.466521e-25
64.500000 1.444502e-25
65.500000 1.375464e-25
66.500000 1.552946e-25
67.500000 1.318892e-25
68.500000 1.434642e-25
69.500000 1.362690e-25
70.500000 1.480633e-25
71.500000 1.459461e-25
72.500000 1.378623e-25
73.500000 1.406878e-25
74.500000 1.401429e-25
75.500000 1.368439e-25
76.500000 1.433044e-25
77.500000 1.281050e-25
78.500000 1.200508e-25
79.500000 1.219880e-25
80.500000 1.416112e-25
81.500000 1.206453e-25
82.500000 1.339241e-25
83.500000 1.278398e-25
84.500000 1.263124e-25
85.500000 1.325112e-25
86.500000 1.263146e-25
87.500000 1.238903e-25
88.500000 1.288696e-25
89.500000 1.512225e-25
90.500000 1.266323e-25
91.500000 1.333382e-25
92.500000 1.285693e-25
93.500000 1.297852e-25
94.500000 1.291726e-25
95.500000 1.233829e-25
96.500000 1.205519e-25
97.500000 1.253616e-25
98.500000 1.362829e-25
99.500000 2.147988e-25
100.500000 1.214032e-25
101.500000 1.164311e-25
102.500000 1.199380e-25
103.500000 1.219114e-25
104.500000 1.214514e-25
105.500000 1.199553e-25
106.500000 1.160165e-25
107.500000 1.224040e-25
108.500000 1.283097e-25
109.500000 1.172815e-25
110.500000 1.190511e-25
111.500000 1.104576e-25
112.500000 1.287996e-25
113.500000 1.162816e-25
114.500000 1.245018e-25
115.500000 1.174024e-25
116.500000 1.105315e-25
117.500000 1.118316e-25
118.500000 1.187214e-25
119.500000 1.161292e-25
120.500000 1.220756e-25
121.500000 1.146256e-25
122.500000 1.110409e-25
123.500000 1.159644e-25
124.500000 1.137738e-25
125.500000 1.167718e-25
126.500000 1.127689e-25
127.500000 1.119682e-25
128.500000 1.263005e-25
129.500000 1.293646e-25
130.500000 1.287857e-25
131.500000 1.250642e-25
132.500000 1.293958e-25
133.500000 1.379016e-25
134.500000 1.294211e-25
135.500000 1.251421e-25
136.500000 1.218227e-25
137.500000 1.335930e-25
138.500000 1.318088e-25
139.500000 1.249769e-25
140.500000 1.310223e-25
141.500000 1.274268e-25
142.500000 1.401199e-25
143.500000 1.366769e-25
144.500000 1.210174e-25
145.500000 3.704570e-25
146.500000 1.240362e-25
147.500000 1.264345e-25
148.500000 1.262655e-25
149.500000 1.301027e-25
150.500000 1.272537e-25
151.500000 1.271290e-25
152.500000 1.260773e-25
153.500000 1.262440e-25
154.500000 1.233036e-25
155.500000 1.233363e-25
156.500000 1.282684e-25
157.500000 1.255704e-25
158.500000 1.214346e-25
159.500000 1.230337e-25
160.500000 1.209414e-25
161.500000 1.307567e-25
162.500000 1.225908e-25
163.500000 1.253814e-25
164.500000 1.254229e-25
165.500000 1.235675e-25
166.500000 1.231857e-25
167.500000 1.254306e-25
168.500000 1.246861e-25
169.500000 1.240497e-25
170.500000 1.193308e-25
171.500000 1.219569e-25
172.500000 1.205318e-25
173.500000 1.253425e-25
174.500000 1.254557e-25
175.500000 1.203945e-25
176.500000 1.250411e-25
177.500000 1.235414e-25
178.500000 1.212837e-25
179.500000 1.332979e-25
180.500000 1.290733e-25
181.500000 1.296284e-25
182.500000 1.207950e-25
183.500000 1.305037e-25
184.500000 1.231388e-25
185.500000 1.257827e-25
186.500000 1.214772e-25
187.500000 1.243510e-25
188.500000 1.248175e-25
189.500000 1.254370e-25
190.500000 1.247570e-25
191.500000 1.217767e-25
192.500000 1.219407e-25
193.500000 1.206261e-25
194.500000 1.213467e-25
195.500000 1.253220e-25
196.500000 1.268095e-25
197.500000 1.223697e-25
198.500000 1.236240e-25
199.500000 1.295452e-25
200.500000 1.245881e-25
201.500000 1.178474e-25
202.500000 1.231767e-25
203.500000 1.238276e-25
204.500000 1.219808e-25
205.500000 1.234786e-25
206.500000 1.248159e-25
207.500000 1.227342e-25
208.500000 1.257876e-25
209.500000 1.277460e-25
210.500000 1.275608e-25
211.500000 1.229664e-25
212.500000 1.286538e-25
213.500000 1.259066e-25
214.500000 1.237722e-25
215.500000 1.245069e-25
216.500000 1.324517e-25
217.500000 1.243054e-25
218.500000 1.292687e-25
219.500000 1.220893e-25
220.500000 1.252910e-25
221.500000 1.341393e-25
222.500000 1.240676e-25
223.500000 1.372192e-25
224.500000 1.273105e-25
225.500000 1.273790e-25
226.500000 1.223248e-25
227.500000 1.205140e-25
228.500000 1.350506e-25
229.500000 1.233644e-25
230.500000 1.239581e-25
231.500000 1.299908e-25
232.500000 1.236612e-25
233.500000 1.242762e-25
234.500000 1.275853e-25
235.500000 1.355221e-25
236.500000 1.225461e-25
237.500000 1.278276e-25
238.500000 1.279328e-25
239.500000 1.234381e-25
240.500000 1.221805e-25
241.500000 1.204092e-25
242.500000 1.297342e-25
243.500000 1.304289e-25
244.500000 1.265524e-25
245.500000 1.300704e-25
246.500000 1.289795e-25
247.500000 1.336029e-25
248.500000 1.198804e-25
249.500000 1.265185e-25
250.500000 1.234859e-25
251.500000 1.310913e-25
252.500000 1.230453e-25
253.500000 1.235277e-25
254.500000 1.299410e-25
255.500000 1.227851e-25
256.500000 1.348635e-25
257.500000 1.368232e-25
258.500000 1.284259e-25
259.500000 1.235985e-25
260.500000 1.256951e-25
261.500000 1.234609e-25
262.500000 1.233107e-25
263.500000 1.266200e-25
264.500000 1.275804e-25
265.500000 1.336474e-25
266.500000 1.274277e-25
267.500000 1.280769e-25
268.500000 1.351889e-25
269.500000 1.319061e-25
270.500000 1.317690e-25
271.500000 1.284447e-25
272.500000 1.439787e-25
273.500000 1.343816e-25
274.500000 1.325223e-25
275.500000 1.340048e-25
276.500000 1.346367e-25
277.500000 1.355092e-25
278.500000 1.487634e-25
279.500000 1.541771e-25
280.500000 1.336192e-25
281.500000 1.301549e-25
282.500000 1.322253e-25
283.500000 1.385191e-25
284.500000 1.378986e-25
285.500000 1.362255e-25
286.500000 1.354399e-25
287.500000 1.573869e-25
288.500000 1.307198e-25
289.500000 1.246902e-25
290.500000 1.294846e-25
291.500000 1.280090e-25
292.500000 1.327425e-25
293.500000 1.334569e-25
294.500000 1.342753e-25
295.500000 1.352173e-25
296.500000 1.283108e-25
297.500000 1.293157e-25
298.500000 1.321116e-25
299.500000 2.712601e-25
300.500000 1.369630e-25
301.500000 1.376129e-25
302.500000 1.758354e-25
303.500000 2.080073e-25
304.500000 1.360861e-25
305.500000 1.314771e-25
306.500000 2.382193e-25
307.500000 1.622322e-25
308.500000 1.378972e-25
309.500000 1.296479e-25
310.500000 1.339701e-25
311.500000 1.450380e-25
312.500000 1.406504e-25
313.500000 1.340815e-25
314.500000 1.844784e-25
315.500000 2.815791e-25
316.500000 1.319299e-25
317.500000 1.326459e-25
318.500000 1.322690e-25
319.500000 1.322560e-25
320.500000 1.263874e-25
321.500000 1.435811e-25
322.500000 1.378945e-25
323.500000 1.373156e-25
324.500000 1.352666e-25
325.500000 1.289479e-25
326.500000 1.390287e-25
327.500000 1.405058e-25
328.500000 1.374054e-25
329.500000 1.372645e-25
330.500000 1.335626e-25
331.500000 1.369605e-25
332.500000 1.344991e-25
333.500000 1.359394e-25
334.500000 1.356790e-25
335.500000 1.368257e-25
336.500000 1.402367e-25
337.500000 1.403695e-25
338.500000 1.393523e-25
339.500000 1.388471e-25
340.500000 1.381141e-25
341.500000 1.294451e-25
342.500000 1.342753e-25
343.500000 1.364743e-25
344.500000 1.363429e-25
345.500000 1.394511e-25
346.500000 1.417987e-25
347.500000 1.352569e-25
348.500000 1.365710e-25
349.500000 1.385386e-25
350.500000 1.362114e-25
351.500000 1.351631e-25
352.500000 1.375422e-25
353.500000 1.413915e-25
354.500000 1.379431e-25
355.500000 1.346691e-25
356.500000 1.440706e-25
357.500000 1.433889e-25
358.500000 1.406750e-25
359.500000 1.347694e-25
360.500000 1.324979e-25
361.500000 1.476736e-25
362.500000 1.388608e-25
363.500000 1.420283e-25
364.500000 1.408526e-25
365.500000 1.404408e-25
366.500000 1.385490e-25
367.500000 1.356795e-25
368.500000 1.374177e-25
369.500000 1.438920e-25
370.500000 1.447555e-25
371.500000 1.502620e-25
372.500000 1.468609e-25
373.500000 1.536948e-25
374.500000 1.462782e-25
375.500000 1.412450e-25
376.500000 1.436484e-25
377.500000 1.467394e-25
378.500000 1.500988e-25
379.500000 1.415533e-25
380.500000 1.460829e-25
381.500000 1.395819e-25
382.500000 1.494114e-25
383.500000 1.482812e-25
384.500000 1.408136e-25
385.500000 1.417913e-25
386.500000 1.432077e-25
387.500000 1.449313e-25
388.500000 1.463050e-25
389.500000 1.419134e-25
390.500000 1.517468e-25
391.500000 1.488748e-25
392.500000 1.420886e-25
393.500000 1.451374e-25
394.500000 1.473567e-25
395.500000 1.410359e-25
396.500000 1.407681e-25
397.500000 1.412624e-25
398.500000 1.533690e-25
399.500000 1.439443e-25
400.500000 1.393262e-25
401.500000 1.466247e-25
402.500000 1.580199e-25
403.500000 1.485823e-25
404.500000 1.685842e-25
405.500000 1.536381e-25
406.500000 1.465951e-25
407.500000 1.482179e-25
408.500000 1.436673e-25
409.500000 1.443078e-25
410.500000 1.504340e-25
411.500000 1.435249e-25
412.500000 1.491722e-25
413.500000 1.457642e-25
414.500000 1.491077e-25
415.500000 1.484401e-25
416.500000 1.478290e-25
417.500000 1.496709e-25
418.500000 1.477460e-25
419.500000 1.547477e-25
420.500000 1.482439e-25
421.500000 1.537565e-25
422.500000 1.497717e-25
423.500000 1.547376e-25
424.500000 1.530211e-25
425.500000 1.497043e-25
426.500000 1.476198e-25
427.500000 1.542229e-25
428.500000 1.519738e-25
429.500000 1.570921e-25
430.500000 1.497846e-25
431.500000 1.525562e-25
432.500000 1.488867e-25
433.500000 1.499759e-25
434.500000 1.457129e-25
435.500000 1.416944e-25
436.500000 1.537484e-25
437.500000 1.501196e-25
438.500000 1.510588e-25
439.500000 1.568762e-25
440.500000 1.554056e-25
441.500000 1.524615e-25
442.500000 1.672385e-25
443.500000 1.495693e-25
444.500000 1.492912e-25
445.500000 1.570037e-25
446.500000 1.575337e-25
447.500000 1.475628e-25
448.500000 1.529152e-25
449.500000 1.547587e-25
450.500000 1.593883e-25
451.500000 1.501875e-25
452.500000 1.571361e-25
453.500000 1.620576e-25
454.500000 1.593141e-25
455.500000 1.621827e-25
456.500000 1.501078e-25
457.500000 1.493047e-25
458.500000 1.601863e-25
459.500000 1.566967e-25
460.500000 1.546673e-25
461.500000 1.584797e-25
462.500000 1.614020e-25
463.500000 1.620552e-25
464.500000 1.648186e-25
465.500000 1.605502e-25
466.500000 1.681299e-25
467.500000 1.689917e-25
468.500000 1.661571e-25
469.500000 1.644745e-25
470.500000 1.684776e-25
471.500000 1.730647e-25
472.500000 1.727302e-25
473.500000 1.666322e-25
474.500000 1.824065e-25
475.500000 1.757438e-25
476.500000 1.882772e-25
477.500000 1.809026e-25
478.500000 1.878408e-25
479.500000 1.812918e-25
480.500000 1.802726e-25
481.500000 1.757374e-25
482.500000 1.736735e-25
483.500000 1.708151e-25
484.500000 1.769596e-25
485.500000 1.637735e-25
486.500000 1.695911e-25
487.500000 1.806962e-25
488.500000 1.738586e-25
489.500000 1.892147e-25
490.500000 1.799114e-25
491.500000 1.746394e-25
492.500000 1.663467e-25
493.500000 1.663888e-25
494.500000 1.635843e-25
495.500000 1.725637e-25
496.500000 1.643412e-25
497.500000 1.695044e-25
498.500000 1.657398e-25
499.500000 1.738547e-25
500.500000 1.790039e-25
501.500000 2.409519e-25
502.500000 2.321834e-25
503.500000 3.353199e-25
504.500000 8.864464e-25
505.500000 5.298601e-25
506.500000 2.113424e-25
507.500000 2.939827e-25
508.500000 4.520916e-25
509.500000 8.741308e-25
512.500000 2.441920e-25
513.500000 6.932838e-25
514.500000 2.219410e-25
515.500000 4.021173e-25
516.500000 2.455413e-25
517.500000 1.734695e-25
518.500000 1.752599e-25
519.500000 1.773634e-25
520.500000 1.739258e-25
521.500000 1.717055e-25
522.500000 1.739358e-25
523.500000 1.731532e-25
524.500000 1.719908e-25
525.500000 1.710273e-25
526.500000 1.786608e-25
527.500000 1.737403e-25
528.500000 1.765723e-25
529.500000 1.808016e-25
530.500000 1.740862e-25
531.500000 1.758760e-25
532.500000 1.767507e-25
533.500000 1.765018e-25
534.500000 1.717694e-25
535.500000 1.765002e-25
536.500000 1.761265e-25
537.500000 1.739678e-25
538.500000 1.829193e-25
539.500000 2.008894e-25
540.500000 2.047814e-25
541.500000 1.883668e-25
542.500000 1.824550e-25
543.500000 1.798755e-25
544.500000 1.825265e-25
545.500000 1.828540e-25
546.500000 1.774467e-25
547.500000 1.787807e-25
548.500000 1.783133e-25
549.500000 1.810774e-25
550.500000 1.840084e-25
551.500000 1.864024e-25
552.500000 1.864565e-25
553.500000 1.848304e-25
554.500000 1.830788e-25
555.500000 1.874238e-25
556.500000 1.989669e-25
557.500000 2.002128e-25
558.500000 2.097081e-25
559.500000 2.010542e-25
560.500000 1.963164e-25
561.500000 1.889756e-25
562.500000 1.812188e-25
563.500000 1.849864e-25
564.500000 1.781725e-25
565.500000 1.875991e-25
566.500000 1.840698e-25
567.500000 1.872487e-25
568.500000 1.845483e-25
569.500000 1.916661e-25
570.500000 1.889969e-25
571.500000 1.879971e-25
572.500000 1.909746e-25
573.500000 1.983625e-25
574.500000 2.077957e-25
575.500000 1.946757e-25
576.500000 1.875988e-25
577.500000 1.823608e-25
578.500000 1.834225e-25
579.500000 1.816041e-25
580.500000 1.843975e-25
581.500000 1.854723e-25
582.500000 1.841590e-25
583.500000 1.854813e-25
584.500000 1.840272e-25
585.500000 1.859794e-25
586.500000 1.878330e-25
587.500000 1.886022e-25
588.500000 1.902359e-25
589.500000 1.926473e-25
590.500000 1.874033e-25
591.500000 1.839377e-25
592.500000 1.872915e-25
593.500000 1.897405e-25
594.500000 1.828857e-25
595.500000 1.872784e-25
596.500000 1.854712e-25
597.500000 1.820201e-25
598.500000 1.870014e-25
599.500000 4.111497e-25
600.500000 1.871995e-25
601.500000 1.881445e-25
602.500000 1.959642e-25
603.500000 1.868270e-25
604.500000 3.337081e-25
605.500000 1.880302e-25
606.500000 2.405715e-25
607.500000 1.906993e-25
608.500000 1.935200e-25
609.500000 1.918514e-25
610.500000 1.893954e-25
611.500000 1.879327e-25
612.500000 2.716763e-25
613.500000 1.876871e-25
614.500000 1.973651e-25
615.500000 1.891007e-25
616.500000 1.940424e-25
617.500000 1.856123e-25
618.500000 1.912143e-25
619.500000 1.976448e-25
620.500000 1.911534e-25
621.500000 1.928535e-25
622.500000 2.004689e-25
623.500000 1.929136e-25
624.500000 2.027019e-25
625.500000 1.940685e-25
626.500000 1.988102e-25
627.500000 1.914634e-25
628.500000 1.926468e-25
629.500000 2.015125e-25
630.500000 2.404454e-25
631.500000 1.915186e-25
632.500000 1.947719e-25
633.500000 1.936432e-25
634.500000 1.964533e-25
635.500000 1.947501e-25
636.500000 1.995829e-25
637.500000 1.928722e-25
638.500000 1.939473e-25
639.500000 1.966966e-25
640.500000 1.982690e-25
641.500000 1.959121e-25
642.500000 1.992592e-25
643.500000 1.952083e-25
644.500000 2.055704e-25
645.500000 1.976688e-25
646.500000 2.006055e-25
647.500000 2.049746e-25
648.500000 2.029636e-25
649.500000 1.992816e-25
650.500000 1.980362e-25
651.500000 1.970240e-25
652.500000 2.030461e-25
653.500000 1.989750e-25
654.500000 2.033707e-25
655.500000 2.021345e-25
656.500000 2.028351e-25
657.500000 1.987318e-25
658.500000 2.031641e-25
659.500000 2.050395e-25
660.500000 2.054394e-25
661.500000 2.020439e-25
662.500000 2.087759e-25
663.500000 2.041832e-25
664.500000 2.072117e-25
665.500000 1.984359e-25
666.500000 2.065306e-25
667.500000 2.001367e-25
668.500000 2.072374e-25
669.500000 2.018450e-25
670.500000 2.016359e-25
671.500000 2.083917e-25
672.500000 2.078690e-25
673.500000 2.088794e-25
674.500000 1.997654e-25
675.500000 2.024713e-25
676.500000 2.049761e-25
677.500000 2.036039e-25
678.500000 2.080447e-25
679.500000 2.061902e-25
680.500000 2.016507e-25
681.500000 2.064174e-25
682.500000 2.004484e-25
683.500000 2.098633e-25
684.500000 2.006633e-25
685.500000 2.094695e-25
686.500000 2.041200e-25
687.500000 2.049563e-25
688.500000 2.099628e-25
689.500000 2.074762e-25
690.500000 2.069284e-25
691.500000 2.098542e-25
692.500000 2.078685e-25
693.500000 2.041735e-25
694.500000 2.127405e-25
695.500000 2.076497e-25
696.500000 2.082996e-25
697.500000 2.268937e-25
698.500000 2.087805e-25
699.500000 2.146449e-25
700.500000 2.064596e-25
701.500000 2.102985e-25
702.500000 2.087512e-25
703.500000 2.078045e-25
704.500000 2.151349e-25
705.500000 2.094880e-25
706.500000 2.125645e-25
707.500000 2.149876e-25
708.500000 2.067988e-25
709.500000 2.117558e-25
710.500000 2.120577e-25
711.500000 2.253169e-25
712.500000 2.142648e-25
713.500000 2.231052e-25
714.500000 2.142698e-25
715.500000 2.154559e-25
716.500000 2.139599e-25
717.500000 2.169335e-25
718.500000 2.222327e-25
719.500000 2.147992e-25
720.500000 2.121560e-25
721.500000 2.137278e-25
722.500000 2.106877e-25
723.500000 2.140118e-25
724.500000 2.160115e-25
725.500000 2.122902e-25
726.500000 2.140499e-25
727.500000 2.228313e-25
728.500000 2.124061e-25
729.500000 2.149495e-25
730.500000 2.196854e-25
731.500000 2.135875e-25
732.500000 2.204876e-25
733.500000 2.146547e-25
734.500000 2.212494e-25
735.500000 2.191695e-25
736.500000 2.155111e-25
737.500000 2.163091e-25
738.500000 2.165694e-25
739.500000 2.215195e-25
740.500000 2.192389e-25
741.500000 2.143623e-25
742.500000 2.229198e-25
743.500000 2.202563e-25
744.500000 2.187367e-25
745.500000 2.266236e-25
746.500000 2.259168e-25
747.500000 2.202265e-25
748.500000 2.190562e-25
749.500000 2.184354e-25
750.500000 2.232605e-25
751.500000 2.235614e-25
752.500000 2.222098e-25
753.500000 2.305070e-25
754.500000 2.231164e-25
755.500000 2.289167e-25
756.500000 2.238426e-25
757.500000 2.214827e-25
758.500000 2.226917e-25
759.500000 2.218817e-25
760.500000 2.199482e-25
761.500000 2.222232e-25
762.500000 2.264516e-25
763.500000 2.261689e-25
764.500000 2.410764e-25
765.500000 2.210495e-25
766.500000 2.215991e-25
767.500000 2.262586e-25
768.500000 2.247057e-25
769.500000 2.235019e-25
770.500000 2.258613e-25
771.500000 2.255518e-25
772.500000 2.328356e-25
773.500000 2.268641e-25
774.500000 2.228009e-25
775.500000 2.286237e-25
776.500000 2.284273e-25
777.500000 2.263108e-25
778.500000 2.300235e-25
779.500000 2.289659e-25
780.500000 2.321304e-25
781.500000 2.353609e-25
782.500000 2.381372e-25
783.500000 2.365337e-25
784.500000 2.317548e-25
785.500000 2.327293e-25
786.500000 2.326834e-25
787.500000 2.303198e-25
788.500000 2.339133e-25
789.500000 2.334954e-25
790.500000 2.308709e-25
791.500000 2.383247e-25
792.500000 2.331782e-25
793.500000 2.401534e-25
794.500000 2.336660e-25
795.500000 2.332983e-25
796.500000 2.307505e-25
797.500000 2.374981e-25
798.500000 2.325266e-25
799.500000 2.380960e-25
800.500000 2.357937e-25
801.500000 2.304845e-25
802.500000 2.329005e-25
803.500000 2.369647e-25
804.500000 2.369046e-25
805.500000 2.328758e-25
806.500000 2.374931e-25
807.500000 2.356370e-25
808.500000 2.318572e-25
809.500000 2.341418e-25
810.500000 2.408625e-25
811.500000 2.348394e-25
812.500000 2.336527e-25
813.500000 2.446942e-25
814.500000 2.430407e-25
815.500000 2.436550e-25
816.500000 2.397338e-25
817.500000 2.358731e-25
818.500000 2.403576e-25
819.500000 2.440777e-25
820.500000 2.401529e-25
821.500000 2.415056e-25
822.500000 2.420167e-25
823.500000 2.436365e-25
824.500000 2.476334e-25
825.500000 2.477810e-25
826.500000 2.431721e-25
827.500000 2.462746e-25
828.500000 2.520053e-25
829.500000 2.504095e-25
830.500000 2.472116e-25
831.500000 2.575757e-25
832.500000 2.497359e-25
833.500000 2.612544e-25
834.500000 2.672778e-25
835.500000 2.792480e-25
836.500000 2.932682e-25
837.500000 2.956227e-25
838.500000 2.892365e-25
839.500000 2.767996e-25
840.500000 2.653448e-25
841.500000 2.536406e-25
842.500000 2.492468e-25
843.500000 2.593662e-25
844.500000 2.557588e-25
845.500000 2.474579e-25
846.500000 2.559278e-25
847.500000 2.512860e-25
848.500000 4.834565e-25
849.500000 2.969260e-25
850.500000 2.537066e-25
851.500000 2.520775e-25
852.500000 2.469447e-25
853.500000 2.464152e-25
854.500000 2.485578e-25
855.500000 2.484673e-25
856.500000 2.519445e-25
857.500000 2.522109e-25
858.500000 2.585209e-25
859.500000 2.642383e-25
860.500000 2.807697e-25
861.500000 2.831039e-25
862.500000 2.817979e-25
863.500000 2.626820e-25
864.500000 2.524445e-25
865.500000 2.691896e-25
866.500000 2.497994e-25
867.500000 2.454312e-25
868.500000 2.534115e-25
869.500000 2.579922e-25
870.500000 2.518538e-25
871.500000 2.516883e-25
872.500000 2.555355e-25
873.500000 2.550168e-25
874.500000 2.448790e-25
875.500000 2.574977e-25
876.500000 2.614578e-25
877.500000 2.570364e-25
878.500000 2.597178e-25
879.500000 2.556533e-25
880.500000 2.546448e-25
881.500000 2.572489e-25
882.500000 2.500596e-25
883.500000 2.562928e-25
884.500000 2.563859e-25
885.500000 2.510827e-25
886.500000 2.615269e-25
887.500000 2.541375e-25
888.500000 2.599195e-25
889.500000 2.510723e-25
890.500000 2.561306e-25
891.500000 2.591683e-25
892.500000 2.511576e-25
893.500000 2.528163e-25
894.500000 2.568167e-25
895.500000 2.603987e-25
896.500000 2.611624e-25
897.500000 2.652907e-25
898.500000 2.635352e-25
899.500000 2.721906e-25
900.500000 2.609066e-25
901.500000 2.600698e-25
902.500000 2.608732e-25
903.500000 2.597444e-25
904.500000 2.551639e-25
905.500000 2.584351e-25
906.500000 2.615761e-25
907.500000 2.528320e-25
908.500000 2.621871e-25
909.500000 2.585973e-25
910.500000 2.714639e-25
911.500000 2.632936e-25
912.500000 2.691224e-25
913.500000 2.619760e-25
914.500000 2.670334e-25
915.500000 2.634841e-25
916.500000 2.606184e-25
917.500000 2.715994e-25
918.500000 2.530188e-25
919.500000 2.662105e-25
920.500000 2.621613e-25
921.500000 2.625087e-25
922.500000 2.585164e-25
923.500000 2.713412e-25
924.500000 2.644795e-25
925.500000 2.619386e-25
926.500000 2.549203e-25
927.500000 2.655913e-25
928.500000 2.751667e-25
929.500000 2.614653e-25
930.500000 2.625756e-25
931.500000 2.625277e-25
932.500000 2.738376e-25
933.500000 2.694598e-25
934.500000 2.649384e-25
935.500000 2.650264e-25
936.500000 2.686451e-25
937.500000 2.743792e-25
938.500000 2.709845e-25
939.500000 2.696837e-25
940.500000 2.679945e-25
941.500000 2.751373e-25
942.500000 2.779648e-25
943.500000 2.688340e-25
944.500000 2.671492e-25
945.500000 2.711579e-25
946.500000 2.695810e-25
947.500000 2.679082e-25
948.500000 2.696130e-25
949.500000 2.712006e-25
950.500000 2.713852e-25
951.500000 2.748167e-25
952.500000 2.664078e-25
953.500000 2.692094e-25
954.500000 2.741620e-25
955.500000 2.713647e-25
956.500000 2.815881e-25
957.500000 2.738565e-25
958.500000 2.709169e-25
959.500000 2.717295e-25
960.500000 2.733524e-25
961.500000 2.746461e-25
962.500000 2.692156e-25
963.500000 2.784408e-25
964.500000 2.725069e-25
965.500000 2.717636e-25
966.500000 2.751008e-25
967.500000 2.789034e-25
968.500000 2.813510e-25
969.500000 2.815523e-25
970.500000 2.708756e-25
971.500000 2.757371e-25
972.500000 2.765912e-25
973.500000 2.719584e-25
974.500000 2.761203e-25
975.500000 2.834117e-25
976.500000 2.729051e-25
977.500000 2.730336e-25
978.500000 2.808609e-25
979.500000 2.855788e-25
980.500000 2.766154e-25
981.500000 2.809098e-25
982.500000 2.801596e-25
983.500000 2.761591e-25
984.500000 2.752864e-25
985.500000 2.761470e-25
986.500000 2.747279e-25
987.500000 2.878432e-25
988.500000 2.837703e-25
989.500000 2.745138e-25
990.500000 2.858084e-25
991.500000 3.175401e-25
992.500000 2.863509e-25
993.500000 2.900462e-25
994.500000 3.659247e-25
995.500000 4.243499e-25
996.500000 4.079154e-25
997.500000 1.524174e-24
998.500000 2.625767e-24
999.500000 1.964846e-24
1000.500000 4.971873e-24
1001.500000 8.911682e-25
1002.500000 4.634899e-25
1003.500000 3.606556e-25
1004.500000 3.039532e-25
1005.500000 2.919208e-25
1006.500000 3.476873e-25
1007.500000 3.225548e-25
1008.500000 2.869363e-25
1009.500000 2.936810e-25
1010.500000 3.424034e-25
1011.500000 3.708017e-25
1012.500000 2.867958e-25
1013.500000 2.929423e-25
1014.500000 3.134073e-25
1015.500000 2.998683e-25
1016.500000 3.767922e-25
1017.500000 3.409817e-25
1018.500000 3.514641e-25
1019.500000 2.884109e-25
1020.500000 2.875905e-25
1021.500000 3.450288e-25
1022.500000 3.707133e-25
1023.500000 2.944304e-25
1024.500000 1.359783e-24
1025.500000 9.637289e-25
1026.500000 4.142364e-25
1027.500000 3.243204e-25
1028.500000 3.433058e-25
1029.500000 3.346605e-25
1030.500000 3.342141e-25
1031.500000 3.313677e-25
1032.500000 3.210996e-25
1033.500000 3.336857e-25
1034.500000 3.415435e-25
1035.500000 3.227202e-25
1036.500000 3.350677e-25
1037.500000 3.318974e-25
1038.500000 3.295018e-25
1039.500000 3.377603e-25
1040.500000 3.303096e-25
1041.500000 3.481444e-25
1042.500000 3.353640e-25
1043.500000 3.351482e-25
1044.500000 3.303754e-25
1045.500000 3.342719e-25
1046.500000 3.415546e-25
1047.500000 3.251761e-25
1048.500000 3.412146e-25
1049.500000 3.406074e-25
1050.500000 3.404343e-25
1051.500000 3.413018e-25
1052.500000 3.287667e-25
1053.500000 3.293763e-25
1054.500000 3.390006e-25
1055.500000 3.473930e-25
1056.500000 3.367750e-25
1057.500000 3.334312e-25
1058.500000 3.368005e-25
1059.500000 3.371380e-25
1060.500000 3.381013e-25
1061.500000 3.384649e-25
1062.500000 3.505161e-25
1063.500000 3.349479e-25
1064.500000 3.466462e-25
1065.500000 3.450918e-25
1066.500000 3.447188e-25
1067.500000 3.394032e-25
1068.500000 3.374386e-25
1069.500000 3.543864e-25
1070.500000 3.545450e-25
1071.500000 3.451700e-25
1072.500000 3.454521e-25
1073.500000 3.474892e-25
1074.500000 3.319977e-25
1075.500000 3.532006e-25
1076.500000 3.446117e-25
1077.500000 3.414375e-25
1078.500000 3.585980e-25
1079.500000 3.541942e-25
1080.500000 3.585499e-25
1081.500000 3.616330e-25
1082.500000 3.454651e-25
1083.500000 3.443605e-25
1084.500000 3.473561e-25
1085.500000 3.571817e-25
1086.500000 3.493442e-25
1087.500000 3.611580e-25
1088.500000 3.618827e-25
1089.500000 3.550704e-25
1090.500000 3.440396e-25
1091.500000 3.461140e-25
1092.500000 3.499181e-25
1093.500000 3.561798e-25
1094.500000 3.474078e-25
1095.500000 3.519303e-25
1096.500000 3.462766e-25
1097.500000 3.560725e-25
1098.500000 3.568225e-25
1099.500000 3.480359e-25
1100.500000 3.717628e-25
1101.500000 3.477526e-25
1102.500000 3.513087e-25
1103.500000 3.552787e-25
1104.500000 3.596776e-25
1105.500000 3.649428e-25
1106.500000 3.622418e-25
1107.500000 3.537804e-25
1108.500000 3.580263e-25
1109.500000 3.638679e-25
1110.500000 3.528271e-25
1111.500000 3.754087e-25
1112.500000 3.845735e-25
1113.500000 3.778404e-25
1114.500000 3.783931e-25
1115.500000 3.739152e-25
1116.500000 3.722640e-25
1117.500000 3.759350e-25
1118.500000 3.905957e-25
1119.500000 3.706491e-25
1120.500000 3.689873e-25
1121.500000 3.663593e-25
1122.500000 3.602584e-25
1123.500000 3.585048e-25
1124.500000 3.672980e-25
1125.500000 3.682609e-25
1127.500000 3.568001e-25
1128.500000 3.562675e-25
1129.500000 3.580390e-25
1130.500000 3.638358e-25
1131.500000 3.524584e-25
1132.500000 3.647106e-25
1133.500000 3.612765e-25
1134.500000 3.559687e-25
1135.500000 3.652627e-25
1136.500000 3.763968e-25
1137.500000 3.710781e-25
1138.500000 3.554240e-25
1139.500000 3.838782e-25
1140.500000 3.657660e-25
1141.500000 3.624378e-25
1142.500000 3.764301e-25
1143.500000 3.765842e-25
1144.500000 3.789907e-25
1145.500000 3.776208e-25
1146.500000 3.834994e-25
1147.500000 3.812614e-25
1148.500000 3.771599e-25
1149.500000 3.818927e-25
1150.500000 3.709123e-25
1151.500000 3.779371e-25
1152.500000 3.768113e-25
1153.500000 3.659591e-25
1154.500000 3.579168e-25
1155.500000 3.660585e-25
1156.500000 3.630521e-25
1157.500000 3.800826e-25
1158.500000 3.586645e-25
1159.500000 3.676721e-25
1160.500000 3.922553e-25
1161.500000 3.729117e-25
1162.500000 3.668447e-25
1163.500000 3.783073e-25
1164.500000 3.666771e-25
1165.500000 3.731795e-25
1166.500000 3.718794e-25
1167.500000 3.791316e-25
1168.500000 3.771187e-25
1169.500000 3.737273e-25
1170.500000 3.703857e-25
1171.500000 3.796649e-25
1172.500000 3.746796e-25
1173.500000 3.828569e-25
1174.500000 3.700817e-25
1175.500000 3.919224e-25
1176.500000 3.764526e-25
1177.500000 3.761343e-25
1178.500000 3.749304e-25
1179.500000 3.802534e-25
1180.500000 3.839937e-25
1181.500000 3.713663e-25
1182.500000 3.807991e-25
1183.500000 3.743178e-25
1184.500000 3.761649e-25
1185.500000 3.909824e-25
1186.500000 3.756744e-25
1187.500000 3.814588e-25
1188.500000 3.903849e-25
1189.500000 3.848972e-25
1190.500000 3.804371e-25
1191.500000 3.716419e-25
1192.500000 3.757483e-25
1193.500000 3.851325e-25
1194.500000 3.816024e-25
1195.500000 3.726411e-25
1196.500000 3.754093e-25
1197.500000 3.801229e-25
1198.500000 3.861240e-25
1199.500000 3.824095e-25
1200.500000 3.830871e-25
1201.500000 3.929032e-25
1202.500000 3.816677e-25
1203.500000 3.713797e-25
1204.500000 3.761550e-25
1205.500000 3.753083e-25
1206.500000 3.859744e-25
1207.500000 3.962072e-25
1208.500000 3.823699e-25
1209.500000 3.937009e-25
1210.500000 3.876613e-25
1211.500000 3.897168e-25
1212.500000 3.806202e-25
1213.500000 3.795764e-25
1214.500000 3.867000e-25
1215.500000 3.839269e-25
1216.500000 3.995894e-25
1217.500000 3.915404e-25
1218.500000 3.868353e-25
1219.500000 3.851973e-25
1220.500000 3.890442e-25
1221.500000 4.031770e-25
1222.500000 3.763220e-25
1223.500000 3.991825e-25
1224.500000 3.832577e-25
1225.500000 3.816064e-25
1226.500000 3.928222e-25
1227.500000 4.009044e-25
1228.500000 3.926757e-25
1229.500000 3.919821e-25
1230.500000 4.003545e-25
1231.500000 3.800130e-25
1232.500000 3.880440e-25
1233.500000 4.012841e-25
1234.500000 3.871617e-25
1235.500000 3.809153e-25
1236.500000 3.913892e-25
1237.500000 3.947172e-25
1238.500000 3.842862e-25
1239.500000 3.897045e-25
1240.500000 3.959609e-25
1241.500000 3.878161e-25
1242.500000 3.899954e-25
1243.500000 3.923672e-25
1244.500000 3.895744e-25
1245.500000 3.998351e-25
1246.500000 3.892581e-25
1247.500000 4.013996e-25
1249.500000 3.980795e-25
1250.500000 3.961544e-25
1251.500000 4.016599e-25
1252.500000 3.974591e-25
1253.500000 4.020951e-25
1254.500000 3.897001e-25
1255.500000 4.116319e-25
1256.500000 3.901513e-25
1257.500000 3.966717e-25
1258.500000 4.088377e-25
1259.500000 3.966961e-25
1260.500000 4.013070e-25
1261.500000 4.152841e-25
1262.500000 4.118853e-25
1263.500000 3.933989e-25
1264.500000 3.869001e-25
1265.500000 4.047631e-25
1266.500000 4.196242e-25
1267.500000 4.020629e-25
1268.500000 4.138285e-25
1269.500000 4.087546e-25
1270.500000 4.031688e-25
1271.500000 4.053684e-25
1272.500000 3.971790e-25
1273.500000 3.973538e-25
1274.500000 4.062531e-25
1275.500000 4.183108e-25
1276.500000 4.072832e-25
1277.500000 4.126668e-25
1278.500000 4.054533e-25
1279.500000 3.898661e-25
1280.500000 3.894821e-25
1281.500000 4.052710e-25
1282.500000 3.979356e-25
1283.500000 4.079656e-25
1284.500000 4.121627e-25
1285.500000 4.032996e-25
1286.500000 4.106187e-25
1287.500000 4.024772e-25
1288.500000 4.054267e-25
1289.500000 4.142060e-25
1290.500000 4.143438e-25
1291.500000 4.103782e-25
1292.500000 4.109254e-25
1293.500000 4.171683e-25
1294.500000 4.031070e-25
1295.500000 4.118980e-25
1296.500000 4.011434e-25
1297.500000 4.138905e-25
1298.500000 4.204274e-25
1299.500000 4.114563e-25
1300.500000 4.138342e-25
1301.500000 4.182094e-25
1302.500000 4.148656e-25
1303.500000 4.242860e-25
1304.500000 4.150261e-25
1305.500000 4.060583e-25
1306.500000 4.174462e-25
1307.500000 4.153557e-25
1308.500000 4.117785e-25
1309.500000 4.223491e-25
1310.500000 4.110594e-25
1311.500000 4.171644e-25
1312.500000 4.201409e-25
1313.500000 4.091722e-25
1314.500000 4.186312e-25
1315.500000 4.082233e-25
1316.500000 4.298408e-25
1317.500000 4.139047e-25
1318.500000 4.095212e-25
1319.500000 4.148364e-25
1320.500000 4.229185e-25
1321.500000 4.132975e-25
1322.500000 4.252375e-25
1323.500000 4.335934e-25
1324.500000 4.101831e-25
1325.500000 4.061545e-25
1326.500000 4.245047e-25
1327.500000 4.230635e-25
1328.500000 4.223455e-25
1329.500000 4.193302e-25
1330.500000 4.142174e-25
1331.500000 4.150789e-25
1332.500000 4.299868e-25
1333.500000 4.093681e-25
1334.500000 4.298050e-25
1335.500000 4.198026e-25
1336.500000 4.138358e-25
1337.500000 4.112722e-25
1338.500000 4.216545e-25
1339.500000 4.244985e-25
1340.500000 4.229677e-25
1341.500000 4.238991e-25
1342.500000 4.289968e-25
1343.500000 4.309056e-25
1344.500000 4.243553e-25
1345.500000 4.236454e-25
1346.500000 4.474842e-25
1347.500000 4.173188e-25
1348.500000 4.302262e-25
1349.500000 4.324603e-25
1350.500000 4.211740e-25
1351.500000 4.371993e-25
1352.500000 4.564963e-25
1353.500000 4.267297e-25
1354.500000 4.351341e-25
1355.500000 4.282719e-25
1356.500000 4.320368e-25
1357.500000 4.330769e-25
1358.500000 4.315765e-25
1359.500000 4.285764e-25
1360.500000 4.306315e-25
1361.500000 4.336931e-25
1362.500000 4.323310e-25
1363.500000 4.430877e-25
1364.500000 4.267597e-25
1365.500000 4.385950e-25
1366.500000 4.390774e-25
1367.500000 4.407375e-25
1368.500000 4.422208e-25
1369.500000 4.303880e-25
1370.500000 4.460451e-25
1371.500000 4.347180e-25
1372.500000 4.469439e-25
1373.500000 4.349416e-25
1374.500000 4.471808e-25
1375.500000 4.259072e-25
1376.500000 4.414465e-25
1377.500000 4.342283e-25
1378.500000 4.337009e-25
1379.500000 4.371673e-25
1380.500000 4.446305e-25
1381.500000 4.271132e-25
1382.500000 4.368985e-25
1383.500000 4.389019e-25
1384.500000 4.280318e-25
1385.500000 4.368811e-25
1386.500000 4.299046e-25
1387.500000 4.325747e-25
1388.500000 4.386723e-25
1389.500000 4.380298e-25
1390.500000 4.627502e-25
1391.500000 4.407955e-25
1392.500000 4.531906e-25
1393.500000 4.467177e-25
1394.500000 4.443103e-25
1395.500000 4.443612e-25
1396.500000 4.483010e-25
1397.500000 4.364210e-25
1398.500000 4.397691e-25
1399.500000 4.381781e-25
1400.500000 4.570518e-25
1401.500000 4.589378e-25
1402.500000 4.429905e-25
1403.500000 4.549910e-25
1404.500000 4.358101e-25
1405.500000 4.575449e-25
1406.500000 4.418608e-25
1407.500000 4.498953e-25
1408.500000 4.548133e-25
1409.500000 4.553425e-25
1410.500000 4.375867e-25
1411.500000 4.541287e-25
1412.500000 4.505524e-25
1413.500000 4.525030e-25
1414.500000 4.363007e-25
1415.500000 4.479298e-25
1416.500000 4.532309e-25
1417.500000 4.484578e-25
1418.500000 4.424211e-25
1419.500000 4.477012e-25
1420.500000 4.489330e-25
1421.500000 4.668597e-25
1422.500000 4.488338e-25
1423.500000 4.529848e-25
1424.500000 4.520064e-25
1425.500000 4.470171e-25
1426.500000 4.493246e-25
1427.500000 4.491471e-25
1428.500000 4.433450e-25
1429.500000 4.513890e-25
1430.500000 4.536587e-25
1431.500000 4.556225e-25
1432.500000 4.461570e-25
1433.500000 4.590811e-25
1434.500000 4.529752e-25
1435.500000 4.479289e-25
1436.500000 4.607514e-25
1437.500000 4.536706e-25
1438.500000 4.515491e-25
1439.500000 4.687123e-25
1440.500000 4.597364e-25
1441.500000 4.748002e-25
1442.500000 4.744974e-25
1443.500000 4.603968e-25
1444.500000 4.493281e-25
1445.500000 4.568540e-25
1446.500000 4.647898e-25
1447.500000 4.542390e-25
1448.500000 4.582648e-25
1449.500000 4.504221e-25
1450.500000 4.610327e-25
1451.500000 4.561714e-25
1452.500000 4.725897e-25
1453.500000 4.628373e-25
1454.500000 4.627117e-25
1455.500000 4.509610e-25
1456.500000 4.562802e-25
1457.500000 4.552364e-25
1458.500000 4.652778e-25
1459.500000 4.832584e-25
1460.500000 5.354852e-25
1461.500000 8.086881e-25
1462.500000 6.375833e-25
1463.500000 4.983661e-25
1464.500000 6.791067e-25
1465.500000 7.868461e-25
1466.500000 5.494191e-25
1467.500000 7.923720e-25
1468.500000 1.091292e-24
1469.500000 5.997548e-25
1470.500000 1.300219e-24
1471.500000 1.126532e-24
1472.500000 1.484029e-24
1473.500000 7.163640e-25
1474.500000 5.138470e-25
1475.500000 4.939783e-25
1476.500000 4.938707e-25
1477.500000 4.926541e-25
1478.500000 4.815696e-25
1479.500000 4.770105e-25
1480.500000 4.834287e-25
1481.500000 5.804961e-25
1482.500000 7.075755e-25
1483.500000 4.875759e-25
1484.500000 4.824882e-25
1485.500000 4.831675e-25
1486.500000 4.643596e-25
1487.500000 4.766791e-25
1488.500000 4.801391e-25
1489.500000 4.838576e-25
1490.500000 4.919987e-25
1491.500000 5.246144e-25
1492.500000 5.302685e-25
1493.500000 5.170500e-25
1494.500000 5.607592e-25
1495.500000 5.045944e-25
1496.500000 5.312494e-25
1497.500000 6.278886e-25
1498.500000 5.383237e-25
1499.500000 1.095748e-24
1500.500000 7.313710e-25
1501.500000 4.902799e-25
1502.500000 4.815107e-25
1503.500000 4.769216e-25
1504.500000 4.652325e-25
1505.500000 4.707787e-25
1506.500000 4.771018e-25
1507.500000 4.847473e-25
1508.500000 4.969399e-25
1509.500000 4.916864e-25
1510.500000 4.752811e-25
1511.500000 6.353711e-25
1512.500000 4.897736e-25
1513.500000 4.719007e-25
1514.500000 4.745612e-25
1515.500000 4.963926e-25
1516.500000 4.791552e-25
1517.500000 4.817330e-25
1518.500000 4.686848e-25
1519.500000 4.738114e-25
1520.500000 4.840708e-25
1521.500000 4.881314e-25
1522.500000 4.805337e-25
1523.500000 4.720625e-25
1524.500000 4.738709e-25
1525.500000 4.789104e-25
1526.500000 4.738448e-25
1527.500000 4.730885e-25
1528.500000 4.734283e-25
1529.500000 4.777950e-25
1530.500000 4.715991e-25
1531.500000 4.674630e-25
1532.500000 4.851945e-25
1533.500000 4.799782e-25
1534.500000 4.936833e-25
1535.500000 4.895952e-25
1536.500000 4.858659e-25
1537.500000 4.967333e-25
1538.500000 4.905661e-25
1539.500000 4.798719e-25
1540.500000 4.774030e-25
1541.500000 4.836595e-25
1542.500000 4.854877e-25
1543.500000 4.896584e-25
1544.500000 4.946470e-25
1545.500000 4.880281e-25
1546.500000 4.836643e-25
1547.500000 4.916541e-25
1548.500000 4.845891e-25
1549.500000 5.149308e-25
1550.500000 4.853994e-25
1551.500000 4.949442e-25
1552.500000 4.899456e-25
1553.500000 5.029766e-25
1554.500000 5.008751e-25
1555.500000 4.774707e-25
1556.500000 4.903475e-25
1557.500000 4.886050e-25
1558.500000 4.965022e-25
1559.500000 4.878738e-25
1560.500000 4.848418e-25
1561.500000 4.806710e-25
1562.500000 5.016205e-25
1563.500000 4.924374e-25
1564.500000 4.934613e-25
1565.500000 4.867477e-25
1566.500000 4.983786e-25
1567.500000 4.962756e-25
1568.500000 4.848036e-25
1569.500000 4.995591e-25
1570.500000 5.069091e-25
1571.500000 5.020252e-25
1572.500000 5.011606e-25
1573.500000 4.946392e-25
1574.500000 5.053692e-25
1575.500000 4.869204e-25
1576.500000 5.003162e-25
1577.500000 5.082300e-25
1578.500000 5.030049e-25
1579.500000 5.122758e-25
1580.500000 5.216359e-25
1581.500000 4.954914e-25
1582.500000 4.951231e-25
1583.500000 5.062505e-25
1584.500000 5.102923e-25
1585.500000 4.897888e-25
1586.500000 4.933562e-25
1587.500000 5.124240e-25
1588.500000 5.010497e-25
1589.500000 5.180771e-25
1590.500000 5.036324e-25
1591.500000 5.214189e-25
1592.500000 4.986559e-25
1593.500000 5.284846e-25
1594.500000 4.860381e-25
1595.500000 4.986454e-25
1596.500000 5.008508e-25
1597.500000 5.015299e-25
1598.500000 4.948464e-25
1599.500000 4.961520e-25
1600.500000 5.023621e-25
1601.500000 4.943950e-25
1602.500000 5.060043e-25
1603.500000 4.989108e-25
1604.500000 5.049385e-25
1605.500000 4.922229e-25
1606.500000 5.137346e-25
1607.500000 5.044285e-25
1608.500000 5.249763e-25
1609.500000 5.085413e-25
1610.500000 5.004515e-25
1611.500000 5.068704e-25
1612.500000 5.091948e-25
1613.500000 5.280728e-25
1614.500000 4.958603e-25
1615.500000 4.955864e-25
1616.500000 4.979341e-25
1617.500000 5.127446e-25
1618.500000 4.974357e-25
1619.500000 5.241995e-25
1620.500000 5.066752e-25
1621.500000 5.140461e-25
1622.500000 5.128391e-25
1623.500000 5.082331e-25
1624.500000 5.053832e-25
1625.500000 5.127683e-25
1626.500000 5.250422e-25
1627.500000 5.095200e-25
1628.500000 5.111521e-25
1629.500000 5.111335e-25
1630.500000 5.038517e-25
1631.500000 5.113315e-25
1632.500000 5.072170e-25
1633.500000 5.129634e-25
1634.500000 5.230505e-25
1635.500000 5.128076e-25
1636.500000 5.038233e-25
1637.500000 5.195916e-25
1638.500000 5.013576e-25
1639.500000 5.011883e-25
1640.500000 5.053775e-25
1641.500000 5.046313e-25
1642.500000 5.133919e-25
1643.500000 5.166324e-25
1644.500000 5.172864e-25
1645.500000 5.215865e-25
1646.500000 5.165957e-25
1647.500000 5.121816e-25
1648.500000 5.324891e-25
1649.500000 5.114162e-25
1650.500000 5.106686e-25
1651.500000 5.214361e-25
1652.500000 5.086636e-25
1653.500000 5.134306e-25
1654.500000 5.324412e-25
1655.500000 5.138920e-25
1656.500000 5.208134e-25
1657.500000 5.137491e-25
1658.500000 5.068870e-25
1659.500000 5.250034e-25
1660.500000 5.120601e-25
1661.500000 5.132617e-25
1662.500000 5.261713e-25
1663.500000 5.159868e-25
1664.500000 5.121920e-25
1665.500000 5.265956e-25
1666.500000 5.324256e-25
1667.500000 5.184547e-25
1668.500000 5.158643e-25
1669.500000 5.522049e-25
1670.500000 5.324487e-25
1671.500000 5.228298e-25
1672.500000 5.259257e-25
1673.500000 5.193130e-25
1674.500000 5.366113e-25
1675.500000 5.249675e-25
1676.500000 5.296105e-25
1677.500000 5.218806e-25
1678.500000 5.330854e-25
1679.500000 5.267728e-25
1680.500000 5.355949e-25
1681.500000 5.265588e-25
1682.500000 5.322948e-25
1683.500000 5.291628e-25
1684.500000 5.623099e-25
1685.500000 5.130262e-25
1686.500000 5.336939e-25
1687.500000 5.249486e-25
1688.500000 5.165859e-25
1689.500000 5.268037e-25
1690.500000 5.312390e-25
1691.500000 5.310474e-25
1692.500000 5.250684e-25
1693.500000 5.240849e-25
1694.500000 5.276641e-25
1695.500000 5.416543e-25
1696.500000 5.353570e-25
1697.500000 5.367440e-25
1698.500000 5.503468e-25
1699.500000 5.258517e-25
1700.500000 5.324574e-25
1701.500000 5.249610e-25
1702.500000 5.295732e-25
1703.500000 5.313368e-25
1704.500000 5.250947e-25
1705.500000 5.390352e-25
1706.500000 5.549937e-25
1707.500000 5.589431e-25
1708.500000 5.311410e-25
1709.500000 5.383766e-25
1710.500000 5.411577e-25
1711.500000 5.506271e-25
1712.500000 5.294360e-25
1713.500000 5.567770e-25
1714.500000 5.453794e-25
1715.500000 5.452633e-25
1716.500000 5.311333e-25
1717.500000 5.403788e-25
1718.500000 5.322414e-25
1719.500000 5.272621e-25
1720.500000 5.370230e-25
1721.500000 5.270585e-25
1722.500000 5.426858e-25
1723.500000 5.385142e-25
1724.500000 5.477487e-25
1725.500000 5.452199e-25
1726.500000 5.399217e-25
1727.500000 5.512868e-25
1728.500000 5.277861e-25
1729.500000 5.379726e-25
1730.500000 5.427140e-25
1731.500000 5.697996e-25
1732.500000 5.540582e-25
1733.500000 5.437386e-25
1734.500000 5.302764e-25
1735.500000 5.523397e-25
1736.500000 5.351391e-25
1737.500000 5.440535e-25
1738.500000 5.347353e-25
1739.500000 5.520821e-25
1740.500000 5.384820e-25
1741.500000 5.400363e-25
1742.500000 5.399128e-25
1743.500000 5.385716e-25
1744.500000 5.504749e-25
1745.500000 5.469249e-25
1746.500000 5.698971e-25
1747.500000 5.423756e-25
1748.500000 5.559294e-25
1749.500000 5.485238e-25
1750.500000 5.412714e-25
1751.500000 5.598809e-25
1752.500000 5.618804e-25
1753.500000 5.575956e-25
1754.500000 5.505194e-25
1755.500000 5.652406e-25
1756.500000 5.594408e-25
1757.500000 5.443901e-25
1758.500000 5.561918e-25
1759.500000 5.502680e-25
1760.500000 5.532176e-25
1761.500000 5.724063e-25
1762.500000 5.699204e-25
1763.500000 5.527334e-25
1764.500000 5.617175e-25
1765.500000 5.664409e-25
1766.500000 5.616615e-25
1767.500000 5.486466e-25
1768.500000 5.448452e-25
1769.500000 5.538288e-25
1770.500000 5.697956e-25
1771.500000 5.484413e-25
1772.500000 5.444819e-25
1773.500000 5.572380e-25
1774.500000 5.427391e-25
1775.500000 5.487738e-25
1776.500000 5.565066e-25
1777.500000 5.491241e-25
1778.500000 5.727590e-25
1779.500000 5.589058e-25
1780.500000 5.716957e-25
1781.500000 5.757678e-25
1782.500000 5.735044e-25
1783.500000 5.794770e-25
1784.500000 5.542955e-25
1785.500000 5.614293e-25
1786.500000 5.583195e-25
1787.500000 5.543676e-25
1788.500000 5.632553e-25
1789.500000 5.567270e-25
1790.500000 5.748735e-25
1791.500000 5.712009e-25
1792.500000 5.923702e-25
1793.500000 5.692822e-25
1794.500000 5.615516e-25
1795.500000 5.789746e-25
1796.500000 5.792601e-25
1797.500000 5.607257e-25
1798.500000 5.776948e-25
1799.500000 5.623570e-25
1800.500000 5.763034e-25
1801.500000 5.631982e-25
1802.500000 5.577887e-25
1803.500000 5.756865e-25
1804.500000 5.729605e-25
1805.500000 5.697735e-25
1806.500000 5.922505e-25
1807.500000 5.532488e-25
1808.500000 5.737804e-25
1809.500000 5.688453e-25
1810.500000 5.684861e-25
1811.500000 5.654591e-25
1812.500000 5.652935e-25
1813.500000 5.782678e-25
1814.500000 5.939411e-25
1815.500000 5.783829e-25
1816.500000 5.659356e-25
1817.500000 5.713726e-25
1818.500000 5.727362e-25
1819.500000 5.749927e-25
1820.500000 5.713034e-25
1821.500000 5.716699e-25
1822.500000 5.833508e-25
1823.500000 5.796291e-25
1824.500000 5.557466e-25
1825.500000 5.612352e-25
1826.500000 5.707666e-25
1827.500000 5.651931e-25
1828.500000 5.687654e-25
1829.500000 5.760534e-25
1830.500000 5.609906e-25
1831.500000 5.716023e-25
1832.500000 5.875809e-25
1833.500000 6.172637e-25
1834.500000 5.969733e-25
1835.500000 5.764638e-25
1836.500000 5.748069e-25
1837.500000 5.791751e-25
1838.500000 5.796057e-25
1839.500000 5.652922e-25
1840.500000 5.931635e-25
1841.500000 5.839830e-25
1842.500000 5.793459e-25
1843.500000 5.824771e-25
1844.500000 5.653649e-25
1845.500000 5.670511e-25
1846.500000 5.840369e-25
1847.500000 5.738050e-25
1848.500000 5.649698e-25
1849.500000 5.810271e-25
1850.500000 5.821281e-25
1851.500000 5.813010e-25
1852.500000 5.777674e-25
1853.500000 5.698495e-25
1854.500000 5.812208e-25
1855.500000 5.738764e-25
1856.500000 5.931188e-25
1857.500000 5.766801e-25
1858.500000 5.707930e-25
1859.500000 5.977287e-25
1860.500000 5.795947e-25
1861.500000 5.895106e-25
1862.500000 5.873586e-25
1863.500000 5.903717e-25
1864.500000 5.821711e-25
1865.500000 5.951026e-25
1866.500000 6.002948e-25
1867.500000 5.963760e-25
1868.500000 5.795549e-25
1869.500000 6.048662e-25
1870.500000 6.049024e-25
1871.500000 5.786785e-25
1872.500000 5.911747e-25
1873.500000 5.979743e-25
1874.500000 5.870371e-25
1875.500000 5.919375e-25
1876.500000 5.933741e-25
1877.500000 5.915026e-25
1878.500000 6.038885e-25
1879.500000 5.897394e-25
1880.500000 5.924039e-25
1881.500000 5.997562e-25
1882.500000 5.807741e-25
1883.500000 5.918668e-25
1884.500000 6.052037e-25
1885.500000 5.746886e-25
1886.500000 5.936643e-25
1887.500000 5.924604e-25
1888.500000 5.877399e-25
1889.500000 6.080320e-25
1890.500000 6.036740e-25
1891.500000 5.991375e-25
1892.500000 5.947713e-25
1893.500000 5.834548e-25
1894.500000 5.891979e-25
1895.500000 5.907828e-25
1896.500000 5.943710e-25
1897.500000 5.969040e-25
1898.500000 6.052686e-25
1899.500000 6.014616e-25
1900.500000 6.157468e-25
1901.500000 5.904650e-25
1902.500000 5.895852e-25
1903.500000 6.236900e-25
1904.500000 5.875562e-25
1905.500000 5.890691e-25
1906.500000 6.084469e-25
1907.500000 6.058624e-25
1908.500000 6.119599e-25
1909.500000 6.074107e-25
1910.500000 5.857895e-25
1911.500000 6.208351e-25
1912.500000 5.957315e-25
1913.500000 5.860693e-25
1914.500000 6.027757e-25
1915.500000 6.135857e-25
1916.500000 6.032001e-25
1917.500000 6.060085e-25
1918.500000 5.872798e-25
1919.500000 6.001097e-25
1920.500000 6.058878e-25
1921.500000 5.836361e-25
1922.500000 6.116673e-25
1923.500000 6.448913e-25
1924.500000 6.271682e-25
1925.500000 6.089204e-25
1926.500000 6.027869e-25
1927.500000 6.147630e-25
1928.500000 7.183813e-25
1929.500000 7.131183e-25
1930.500000 6.824195e-25
1931.500000 7.565904e-25
1932.500000 8.265289e-25
1933.500000 6.067161e-25
1934.500000 6.193479e-25
1935.500000 6.278269e-25
1937.500000 6.384398e-25
1938.500000 6.223790e-25
1939.500000 6.479919e-25
1940.500000 7.048184e-25
1941.500000 6.466620e-25
1942.500000 6.113381e-25
1943.500000 6.088597e-25
1944.500000 6.173228e-25
1945.500000 6.029602e-25
1946.500000 6.225745e-25
1947.500000 6.043546e-25
1948.500000 6.049610e-25
1949.500000 6.141688e-25
1950.500000 6.211982e-25
1951.500000 6.119356e-25
1952.500000 6.150501e-25
1953.500000 6.356208e-25
1954.500000 5.988665e-25
1955.500000 6.581005e-25
1956.500000 6.110879e-25
1957.500000 6.062706e-25
1958.500000 6.216053e-25
1959.500000 6.203733e-25
1960.500000 6.316280e-25
1961.500000 6.476143e-25
1962.500000 6.149042e-25
1963.500000 7.286484e-25
1964.500000 6.300640e-25
1965.500000 5.868579e-25
1966.500000 6.227038e-25
1967.500000 6.155426e-25
1968.500000 6.509579e-25
1969.500000 6.564743e-25
1970.500000 6.180673e-25
1971.500000 6.304854e-25
1972.500000 6.000538e-25
1973.500000 6.105546e-25
1974.500000 6.197726e-25
1975.500000 6.387617e-25
1976.500000 6.012253e-25
1977.500000 6.326430e-25
1978.500000 7.335426e-25
1979.500000 6.171114e-25
1980.500000 6.891311e-25
1981.500000 6.881876e-25
1982.500000 6.234722e-25
1983.500000 6.285741e-25
1984.500000 6.299235e-25
1985.500000 6.237522e-25
1986.500000 6.421680e-25
1987.500000 6.335738e-25
1988.500000 6.192763e-25
1989.500000 6.149238e-25
1990.500000 6.217857e-25
1991.500000 9.474693e-25
1992.500000 6.215577e-25
1993.500000 6.221744e-25
1994.500000 6.347740e-25
1995.500000 6.112063e-25
1996.500000 6.191085e-25
1997.500000 6.183750e-25
1998.500000 6.201658e-25
1999.500000 6.269613e-25
2000.500000 6.190775e-25
2001.500000 6.318675e-25
2002.500000 6.280592e-25
2003.500000 6.206651e-25
2004.500000 6.308227e-25
2005.500000 6.028469e-25
2006.500000 6.016550e-25
2007.500000 6.116626e-25
2008.500000 6.166935e-25
2009.500000 6.414171e-25
2010.500000 6.180163e-25
2011.500000 6.421551e-25
2012.500000 6.353329e-25
2013.500000 6.220779e-25
2014.500000 6.269382e-25
2015.500000 6.214310e-25
2016.500000 6.446961e-25
2017.500000 6.161807e-25
2018.500000 6.198716e-25
2019.500000 6.507792e-25
2020.500000 6.417253e-25
2021.500000 6.358518e-25
2022.500000 6.495858e-25
2023.500000 6.370542e-25
2024.500000 6.360015e-25
2025.500000 6.416681e-25
2026.500000 6.393424e-25
2027.500000 6.222403e-25
2028.500000 6.377874e-25
2029.500000 6.585518e-25
2030.500000 6.285858e-25
2031.500000 6.342676e-25
2032.500000 6.571434e-25
2033.500000 6.396641e-25
2034.500000 6.476602e-25
2035.500000 6.434581e-25
2036.500000 6.233603e-25
2037.500000 6.478959e-25
2038.500000 6.342328e-25
2039.500000 6.249371e-25
2040.500000 6.541626e-25
2041.500000 6.430861e-25
2042.500000 6.469484e-25
2043.500000 6.347152e-25
2044.500000 6.484070e-25
2045.500000 6.747785e-25
2046.500000 6.507253e-25
2047.500000 6.209071e-25
